%YAML:1.0
---
cameraMatrix: !!opencv-matrix
   rows: 3
   cols: 3
   dt: d
   data: [ 7.0736490000000003e+02, 0., 3.3059289999999999e+02, 0.,
       7.0695200000000000e+02, 2.5682530000000003e+02, 0., 0., 1. ]
distCoeffs: !!opencv-matrix
   rows: 5
   cols: 1
   dt: d
   data: [ -1.4600000000000000e-02, 1.0911999999999999e+00, 0., 0.,
       -3.2934999999999999e+00 ]
